54721631111111 639792
14325671111111 628911
41752632313211 613532
21354672313211 607070
12745631111111 541652
52341671111111 537872
25714632313211 535671
45312672313211 525957
41625372313211 516402
47265312313211 515742
75246311111111 409865
15642371111111 408215
45176233131113 404455
25314673111313 403459
56147231222132 402607
25314673131311 398536
53162743312223 398529
54321673313321 394951
45176231131313 393880
54321673323311 393478
51342763312223 393225
45176231133113 392764
76543211111111 385821
25314673111331 385381
26154372332213 384249
54321673313312 384160
45176231331113 381361
16345271111111 380766
54217362233213 374016
24751362321113 372129
64157321133212 367497
52763413222112 366940
52763413223312 365953
74256313111232 362931
13754262123323 361942
32456711233133 359643
65732411333123 358495
41765322313211 358048
52763413322312 355171
52763411222312 354796
23671452122333 354709
64325713121222 350358
35721642221213 344808
12345673132313 344148
36725413131311 341352
34162752132212 340918
46257313312211 340079
52314673311311 337776
24615372213311 337469
45176321131133 334572
25731642232211 334499
54217632132212 334497
12345673231313 334461
25341673113311 333324
75243162211322 333125
72561433311233 332945
27546312231122 332504
25631741212121 332340
57214632212213 332279
47165321322131 332070
74513263121222 331975
12367451312222 331661
24615733113323 330088
34561272212213 327539
23165743331312 326964
32147652233213 326606
53672142221213 326293
76254133311323 326193
41532672313211 326151
23165742131333 326085
36725413111313 325056
63725143123313 323670
42351763231133 323397
32145671111111 323022
71625433213133 322438
47352612313211 322362
24615731132333 320875
35267141321132 320840
63172452313211 320754
45321673113311 319164
54367211213333 318978
54312673311311 317631
54367212211322 317040
34561272232211 316544
52741632123323 316416
32147652332213 316013
12347651111111 315906
16527431312222 315611
61352472313211 315243
62135743312223 314983
42615371313332 314743
63125741112323 314617
76321453311233 313223
75314621313212 312680
74256311321222 312126
74123653132232 311534
16543271221223 310235
25413672323111 309695
41635721212121 309480
45376121131133 308934
24751362221231 308811
74165233111313 308262
24563713121222 308118
26317451212211 307950
25364172311231 307568
16254733312223 307304
46215372313211 306379
35624712321212 306249
74165233231313 306249
74165233132313 305928
36725412111212 304982
17326452212111 304137
26435712222122 303775
14367523311113 303752
36754123232222 303561
12374562111212 303264
34561273313321 302886
63725141112323 302564
56123471331332 302160
76312452212111 301677
12345672321212 301135
54367213112222 300934
52741633321223 300679
32156741112323 300152
71264533231223 300078
74165233131311 300066
76321453323311 300043
36725412123212 300029
12367452113333 299866
12345672121232 299213
76321452123323 299048
61235741313131 298990
24731561111111 298494
74165231121212 298151
72543613132232 297707
34527612231332 297559
21347562312323 297337
32647512333233 297033
24315673311311 296892
36125743222331 296403
74165232111212 296182
14632571111111 295947
75462132123212 295743
14763251221223 295508
63541271212211 295226
36725412321212 295121
54367213312133 294754
12354761112323 294728
76321453313312 294265
76541232131213 293859
31564272212111 293812
67321451212211 293490
72361542333233 293258
67132541133311 293242
74165231313131 292877
16527432211322 292592
56274312313211 292318
36712542121211 292236
45276131131133 292206
36725413131113 292160
12765432222212 292119
72561432213122 291817
15324673113311 291714
73624513121132 291651
73615241112323 291194
52614372313211 291160
16527431222132 290824
12345673131323 290816
16427532333233 290557
45376213131323 290314
36725412121211 290186
76254313211111 290077
46127353131323 289564
45312673132313 287266
12345672123212 286816
72543613322312 286774
76512343213313 286599
17265433111313 286134
76512343332311 285909
64531271212211 285562
74165232121211 285301
36741252122123 285256
32147651213333 285017
24351761111123 284986
43675122222122 284521
36725411313131 284418
12456731132321 284280
74165233131323 284241
74165231212121 283904
32147562333233 283824
32517463131311 283563
45312673231313 283501
32416753121222 283424
36725411212121 283277
36725412121232 283268
24615732111323 283192
74165233131113 282789
26435712322322 282703
36145272131213 282441
36725411131313 282440
67254311131133 281835
36725412121112 281819
25341762313223 281785
74165232121112 281768
32567412222212 281724
36725411121212 281576
36514272212111 281465
54612371112311 281023
56347212111221 280541
74165231131313 280356
16527431123333 279844
76145231122112 279698
54367212333113 279691
12367451123333 279617
21345762223322 279445
76145231221112 279188
67354211313113 279005
62351743112123 278952
23165742131321 278776
34527612211322 278771
52741632212231 278671
24351673311311 278583
43765212222122 278212
67354211333111 277898
72561433321133 277520
72543613223312 277327
54367211333213 277243
63725142123131 276978
64125371131313 276851
32147651123333 276603
75231463211123 276554
34527613312133 276213
34561273321133 276199
51267342312233 275875
56123473133132 275749
36741252123323 275441
27643513311233 275381
41263751312222 275171
13275641112323 275152
13265741112323 275023
72543611331332 274829
14763251222312 274506
63542713121333 274498
47216352131333 274381
76321453233131 274075
51324673113311 273900
52163473323332 273860
72561433321223 273762
46153273131131 273739
71264533231313 273615
63574212313211 273530
62435172311132 272514
67154233323332 272115
52741633313321 271868
36741253233131 271520
63752411333213 271433
34527612231122 271379
32417562113321 271202
34527612331322 271190
25471631312213 271165
12367451213333 271112
54321672212213 270981
63752412333113 270749
32165741111111 270264
12367453112222 270216
65314272313211 270065
54367212231122 270045
14763253222112 269524
34561272122321 269473
72435163333313 269471
46127352131333 269371
56147232332213 269355
12367541113331 269010
63142571132321 268976
32147652331322 268654
53714622233111 268423
16527432331322 268200
52741632212213 268042
34561272213122 267921
31654272313322 267791
52763143222331 267780
41725361321213 267707
54367212332213 266719
36741252122321 266348
47251363131113 266168
34216572213122 266057
32674152113333 265739
41352671222111 265716
34561273311233 265609
54321672232211 265146
72145633312223 265107
36712542121112 265093
65132472212231 264814
41352671212121 264267
52341672323312 264008
52714361232113 263902
35624712121232 263075
16527432231122 263041
76321452122321 262881
52741633323311 262782
32147651312222 262549
76321452213122 262290
36712542122111 261754
73624513332131 261603
42163751121212 261582
63142573112123 261392
16745233333313 261390
76321453321133 261347
65243712121322 261111
16527432333113 261086
15762342122213 261044
47165322133112 260981
56147232333113 260880
32761453121312 260730
54367121113331 260684
56147232233213 260568
26534713333313 260555
54367211222132 260351
12356743113131 260316
37426513132313 260106
67345122223133 260076
26547313131323 259938
71264533131323 259822
16534723211123 259779
31524673332122 259778
52741632232211 259747
16273541122133 259737
26743512121232 259680
54367212233213 259636
34561273321223 259608
46275312112232 259541
67245311112311 259534
56123471333123 259495
35624712331232 259483
12374561121212 259433
45736121122211 259331
52341673323212 259325
71523463231313 259290
14763251332331 259105
71263542323123 258923
12356741313131 258840
72561433221233 258554
34561272122123 258156
24376512222122 258095
45621373211111 257860
76321452122333 257829
76321452122123 257793
23657142121112 257788
35624712321332 257391
26435713333133 257291
36741252122333 257288
32147653112222 257286
56271433132313 257208
64275132211133 257190
25734613113323 257115
47165322313211 257093
36125471222111 256733
34675212222122 256609
24617532233321 256453
41756231321213 256422
71263541333222 256403
71264533221323 256308
16527433312133 256236
52741632122333 256209
41352671212112 256194
27415633321322 256133
23517462131333 255977
42615372313211 255971
34561273221233 255861
52741633221233 255673
32147652113333 255564
54367211132222 255376
12374561211212 255370
17435623211123 255360
13246571113232 255300
72365413121312 255225
36542712121322 254832
12367451132222 254702
76143253333313 254661
41237561313131 254649
74152363133222 254628
13642573221221 254559
56743213121213 254154
23416752121211 253968
62435172211133 253833
54321672212231 253725
16527432113333 253533
32716452123212 253515
34561273233131 253412
74123653133132 253368
16543271332331 252857
56174321232113 252814
47132563222331 252765
14763253133222 252559
71453623311122 252494
47632513212332 252417
43576212112232 252330
71643523331213 252251
36125471212112 252239
41673252212222 252215
52741633313312 252195
12376541232233 252186
32147651132222 252126
34715262221123 252003
35174262213131 251877
63752141111111 251637
72543613221221 251263
34625172111212 251163
15746321111111 251070
16527432231332 250986
67345122232133 250941
74123653133222 250919
42615372213311 250907
56271433111313 250899
27534161111123 250795
23165741112323 250787
36172452133133 250759
27365412321212 250749
14736521321231 250545
63725142223133 250527
71523463131311 250512
16543271331332 250382
54723612131312 250354
63512743313333 250188
56147231333213 250041
76321542211112 250029
43621752213323 250008
74521633133333 249874
16527431333213 249761
31275461322233 249683
47136252133112 249678
16543273221221 249626
56123472322121 249588
76321452212231 249575
24736512222332 249564
34265712212132 249490
71546322231212 249308
53761242221213 249225
24537613231322 248991
43617521223221 248988
64275132232133 248946
17362452213311 248848
41725362313223 248822
56123471222312 248675
17543261111111 248620
56321742211112 248600
12356741133131 248551
36712542121121 248263
24167353132232 248241
56123473322312 248169
34617252132212 248154
41725362313211 248123
52167432122222 247708
32147652231332 247641
31275461112233 247289
23157462131123 247164
73642511111111 247071
71523463331312 247050
17426531232233 246948
14735621223332 246936
72561342313223 246802
72543611332331 246762
45273162222122 246711
46275312313211 246431
74521633121213 245755
21457631321123 245711
52361472121313 245674
41725631111111 245498
71643252231212 245286
46275313312211 245273
63724153121213 245116
56213743313333 245006
15634722123332 244943
13246571111111 244866
14763251333123 244814
47653213211231 244652
56271433123313 244602
53146272123233 244517
64357213231322 244445
14763253133231 244356
31627452221333 244134
42167532131333 244101
73654122111122 244001
45362712122222 243914
56743212221222 243724
34721652221222 243655
31265472233321 243612
17526432123233 243564
72163453331333 243508
31267542313133 243444
27615432113321 243416
74123652322121 243362
72543611223221 243357
36217452131333 243256
71326543333313 243239
27613543333133 243232
35417622223133 243218
31265471111111 243126
72163452122222 243084
62317453312211 243031
13572641122133 242995
13274651112323 242792
76345122211112 242737
27415363131113 242731
16347252131312 242685
54127633133333 242643
26517343333313 242636
71436253333112 242375
41367253111133 242357
71534262122222 242170
37651242211133 242111
14625731111111 241801
75143263231313 241708
23147562123131 241632
52763411333123 241440
24761531221223 241401
16453271111111 241315
53614721212121 241131
24351673111133 240655
34721652121313 240586
71546233331213 240529
63251743133231 240528
72543613133222 240407
32175462312323 240406
24637512311132 240330
24563712121232 240297
43126572133313 240209
13276451113211 240157
23756413322312 240111
56743213331333 240091
16475233132313 240031
56123473222112 239948
31265741233331 239902
24716532323231 239773
46127351131313 239555
52167433133333 239478
56123473223312 239349
65147321232113 239234
23756413222112 239118
13276451233133 238972
41576322212222 238948
51472361131313 238920
31275463311122 238566
13276541213312 238443
24563711121212 238407
62174351122133 238383
56341273121213 238308
51732643121213 237947
73615241113322 237848
57236141323232 237823
23475162121112 237822
42136752131312 237774
21346752313322 237665
46123573232123 237578
72164353131113 237417
14763252322121 237397
53724612121112 237360
34516722313223 237318
14567231312213 237164
36152741231312 237103
17435622211133 237006
13576241312213 236898
43216573212332 236836
21376541122211 236715
17425631322332 236602
24351671212211 236453
45613272233111 236256
36714521232113 236200
76342513322111 236043
56123471223221 236032
14673251111111 235905
71462533111223 235801
47126351233232 235763
61734523222331 235757
31754621331122 235610
37614521111111 235607
64275133231112 235591
53761242121211 235373
76312543322222 235294
41735261323313 235292
71435263211123 235291
14763253221221 235001
13265742131312 234895
31246753312211 234804
41726532312233 234801
36714522121322 234795
12367541112212 234725
51642731113322 234700
34617252111212 234545
56721432312233 234407
63751242221321 234337
21357462311111 234234
72165432111122 234195
24615731122313 234193
56123472331331 234192
16543272331331 234086
52463713212332 234030
21345671111111 233961
15246371331332 233941
52147633111112 233935
12347652123332 233922
47123562232133 233826
37642152213311 233733
37624512121322 233724
53761242321212 233585
72543612331331 233535
14763253132232 233203
56147322333233 233180
52463173212332 233100
14763253133132 232995
61452731311313 232898
57364212213311 232877
65274131111111 232810
14523673121312 232567
54723613333313 232562
54163272233111 232486
32741651121311 232441
51324672212111 232421
34617252123212 232341
17356242211331 232340
72543611221223 232312
62571432321233 232268
56123473133231 232120
32175461111111 232002
54127632131213 231662
72563411112131 231622
54127633131212 231502
71452632222131 231489
73615242223133 231435
72163453131212 231103
74123653133231 231080
16543271223221 231008
54371621113112 230869
73642513223222 230755
37615423121132 230749
72345611111111 230597
15624732123212 230414
43571262122222 230346
71365423331312 230272
54723613121312 230249
63725143122113 230227
27615431312333 230065
32671453123313 230026
16735242122213 230013
31765242322121 229951
42673512232133 229710
24615732233321 229697
16347253121312 229644
16273541321321 229408
23756413223312 229293
32567412131312 229241
13276541322311 229195
15724632123233 229183
41725362221213 229156
14752631111111 229109
42615372221213 229057
12673542331133 229032
34721652222212 229031
36547212131312 228948
46275312132212 228901
12543671111111 228890
76125343333133 228831
25741361232113 228734
23756411222312 228732
47165322132212 228709
54367121112212 228696
53462711113322 228643
32174561232113 228586
56243713121333 228518
16547321113331 228415
25736141111123 228293
73615243332311 228280
47165321232113 228207
72134562312212 228036
23165741231312 228022
12354762121211 228017
74325613121312 227878
36547212122222 227847
37651422312311 227844
52741362313223 227750
51726433123313 227647
74136522322121 227628
67215343333133 227625
53421671321111 227602
73615423213211 227574
56143273332323 227404
47251632131312 227291
16542372112331 227061
61274351313131 226865
37415622333221 226830
76541233333313 226810
54172633132313 226727
51472633331312 226716
76342513213112 226714
76354122111212 226706
75613243131332 226674
15246371332331 226384
13254762321233 226383
23165742123131 226287
73615243213313 226231
32167451111111 226217
42157633231322 226138
46135272133313 226123
74521633121312 226091
74132563131221 226024
56732143122113 226021
45376121331311 226012
75234162221111 226011
71435263333223 225967
21357642221132 225940
75312463333133 225890
36415272123212 225738
13765422121211 225702
51723643131311 225655
23165742312323 225629
21354761122211 225532
36721453121111 225518
62134572321323 225517
54127633333313 225513
52167342121232 225483
54326171111231 225457
74152363133132 225366
31257462222221 225362
75316241231231 225298
17642531112233 225188
32164571111111 225101
13642571221223 225009
74152363133231 224905
76351421112323 224883
26714532121133 224773
42137561123333 224720
35416723232213 224615
13642571223221 224584
26435712233321 224507
13246752133211 224484
31267542222233 224470
74126352333122 224421
74251633111313 224341
34716522223211 224313
14527632333332 224298
35714623111322 224279
54321763113113 224167
75431263133213 224159
61543271111111 223951
71435263333133 223852
74152363132232 223848
37624152311213 223731
51624733323113 223678
15246372331331 223657
16524731112212 223617
32657143121213 223551
37614252221123 223513
74521633333313 223391
67354213111313 223355
41762532221333 223347
64357213312211 223343
13275643212221 223273
56243173133111 223181
42751632321233 222999
15763241111111 222981
32567413133333 222857
12354671111111 222744
12365471111111 222578
67312542221111 222530
32561471211131 222419
36145273333313 222361
76524313331222 222265
24571362221213 222197
41725361232113 222012
27543611111123 221912
31275462312212 221822
51342672212111 221813
43751623123313 221747
35174262231113 221728
76325412112121 221709
24571631121212 221592
53274163211222 221536
71435261322233 221512
56741231131211 221251
35127462331331 221236
73542163321133 221168
41736521233232 221085
13275641112233 221077
34617522221333 221002
32146752232223 220949
41735262312233 220925
42351671212211 220910
56743213121312 220866
21345762312323 220769
71435623333331 220709
75264132321212 220499
31475262331313 220472
73541262321212 220413
71462531113322 220345
76215433333133 220290
73615243331312 220273
62157342132212 220205
65471231132213 220201
76325411111312 220181
73652413331321 220018
13546271231231 220005
75146321323331 219794
54127632222212 219782
71435263311122 219763
32657412111212 219735
75264313231112 219684
31275462311213 219659
73614251112323 219618
15672433312133 219555
21473563331312 219531
43721653231313 219410
25763142223133 219400
32174561112323 219288
32165742211112 219204
16572431111111 219126
52743611113121 219124
74325163131323 219100
46512372113321 219018
12765433121213 219011
74521632222212 218868
73615243123313 218791
37615422223133 218629
14356721322233 218405
74512361322233 218351
37615422313331 218347
53762413322123 218293
34562172232313 218213
34721652131213 218009
13267541111132 217914
25137461111111 217662
15236471111111 217449
46257132211133 217447
14723651111312 217281
36547212221222 217197
34165271211131 217189
36145272122222 217187
16537421233112 217167
76341251111312 217060
37615421113322 217048
21357463213331 216673
25134672313211 216521
16275341312213 216455
35162742213323 216396
41532761233133 216385
53126471231231 216365
21536742222131 216318
25736141233232 216257
74361253112132 216147
25714632123131 215864
76145232332213 215830
75246131333312 215803
43572161111111 215786
37615422211133 215752
52167432131213 215706
41735622313322 215611
14725363311113 215608
63471522323132 215470
62174533311212 215469
67452313321232 215441
52743611111312 215416
67231543323122 215372
64275131212223 215333
62453713311122 215282
16345273233323 215264
45621732212123 215154
45312762221111 215151
34721653333313 215148
25413763121222 215132
51642371122313 215115
36547212121313 215014
24531673123121 214973
56741231211131 214852
73625141112323 214846
35162472123233 214683
26573413331312 214669
67231541323112 214553
16532471111222 214421
21354672311132 214421
37246511112233 214337
26435712311132 214281
42516372233111 214121
34567212223232 214045
12376451111222 214015
71426533333223 213962
36147252111113 213961
21354671131313 213894
56347122333233 213830
37654212311222 213828
46721533123313 213802
56341273131212 213699
24715631111111 213652
75346211211311 213534
41725363121222 213499
32647152133121 213470
34165273133312 213386
61527431111111 213375
52174633223123 213206
12376541112323 213102
67354213131311 213095
73564213321322 213066
21345763332233 212978
21354673131113 212798
45213672221123 212739
46275313121222 212257
61534272311132 212213
15273641112323 212211
72534163211123 212121
16534271111111 212101
15724362212132 212078
73642511113232 212070
26175432331133 212043
24715631122121 212025
63714252123131 212021
56347212111311 211893
12563472131213 211752
63752141122211 211743
15627431322113 211680
14725362211121 211653
51623743313321 211634
34516272312332 211586
26435713311122 211572
16725431211131 211545
35167242132212 211443
73642511113322 211213
27614353311332 211151
64321572111131 211138
17426531213123 211119
74132561321231 211098
27314652313211 210899
41625731222231 210870
35126741232212 210830
54671232221213 210468
24367511323112 210401
14736521332121 210375
67412353132121 210263
12374651111222 210245
35462712322322 210243
12745632212213 210154
35126742231233 210113
63752412312323 210041
36745213121111 210022
34561721111111 209843
27416533321232 209836
12354762121112 209813
54723612222212 209757
75264132121232 209729
67245311133233 209613
65132472233321 209540
54712362223322 209524
25634713321232 209510
12364571112212 209422
31275462223211 209399
25714633121333 209296
46375213112111 209226
36152742131321 209220
42651733311122 209213
62371453311311 209189
54367122211121 209094
26453172211133 209008
56213471111111 208861
45367122223133 208810
76145232233213 208669
12576343212221 208613
76324151112323 208551
13275642131333 208531
31275462133211 208457
73645121113211 208387
14723653321313 208340
62735143223213 208160
26135742132221 208148
26714531212133 208008
64275131312123 207955
54167233232333 207954
74561233321313 207923
14753261323112 207855
12346751113133 207852
14735621233112 207796
17463251323112 207750
12543673233323 207607
27415632323231 207583
52367142211121 207576
53742612323333 207534
35762142222113 207398
14752363232222 207358
65321472111122 207335
54326711112212 207320
54716232222113 207284
65132743222331 207206
54612372222131 207174
15367421211113 207085
46372511221331 206806
63751423122311 206799
76354121121212 206759
32156471111111 206751
14762351321231 206665
24715633131131 206614
46275311123222 206576
45621373123331 206535
56124371232323 206514
57264132111323 206482
76213543213133 206443
72541633121111 206428
32475163331222 206398
24315761122322 206384
64531273123121 206376
25736411133113 206318
65213741111111 206226
45621732233333 206205
34172562313331 206045
37614522313322 206042
41673521111111 205908
74321653233323 205831
56174232323333 205798
25367411211122 205791
15642373231223 205711
63714521112323 205652
37612542221111 205594
26415732233321 205586
46572311223122 205556
56743212122222 205512
52167433331333 205459
45327612222323 205430
47156321133311 205249
41762533123331 205183
31462751111111 205181
51624731312123 205173
16742352232313 205037
23175463211222 204994
63725141233121 204952
54723612221222 204856
23165473233221 204547
34125673133333 204535
72163453121213 204528
27534612311132 204460
31264752313121 204392
12376451113133 204375
41725363121231 204365
13267451122211 204323
51742632323333 204252
65132473111331 204236
65132471231321 204193
61453721111111 204172
34165271112212 204087
54261732231233 204059
17425631323112 203620
72531463321232 203492
35614722321233 203449
24765313222112 203392
37615422313121 203359
74561233233323 203346
76253413322312 203342
12375461111222 203255
13675241112323 203123
12354763211123 203117
74125633121111 203115
52361472131312 203091
12745632232211 203083
47156321111111 203005
56347213111211 202980
17452633213232 202876
36417522123311 202812
52167432121313 202795
36745212122312 202763
21364752311111 202735
43167251232212 202727
14625732113321 202710
75346212323333 202698
71234563231322 202464
74125633133312 202463
14567231321123 202451
37624511232233 202428
64231572311132 202425
51324761111123 202386
31276452313313 202235
25641371213132 202212
24715363311332 202203
65172431132333 202149
64357212313211 202126
74321563311131 202073
32174561232233 201993
12345761111111 201786
75261432123233 201773
62135473123121 201754
12365472321233 201669
46275312232133 201618
71563243221221 201588
24615733311122 201549
37256142321233 201518
25716431212223 201466
47156231332313 201421
75346122133133 201317
17425631322113 201316
32756141233121 201274
56721343123331 201259
52743613121111 201177
12357461111222 201158
46512371331221 201121
24351761212232 201057
23176453332233 200932
32475161232323 200926
43576211123222 200916
37642513122221 200888
15672341113232 200869
71435262222122 200851
52341672323222 200850
35172461232323 200740
47152631322131 200662
16345273122323 200646
76541233331333 200644
54716321112323 200636
14536273311311 200454
67412531131133 200448
21365742312323 200396
12637451132111 200332
54317621111222 200261
74653213133222 200142
12765433331333 200137
23165471111111 200127
13247563212131 200123
41756233121231 200076
36147251211131 200067
73654211111132 200067
52741362313211 200065
67345213111133 200040
54621372211121 199975
71362453113311 199928
76154323333112 199833
53721463223312 199823
15637423211123 199772
21375463333211 199760
54712361323313 199623
56274132331133 199566
31247651323232 199548
14327653121213 199432
23147651112323 199417
46157321331233 199416
12357462211112 199389
24763151111111 199386
45367213111133 199345
26513471122121 199323
75132463233233 199275
15724631111111 199273
53762143222331 199190
73645122222311 199129
16753241221112 199068
67342512222113 199043
16423572112121 199041
34125672131312 199024
41725633211111 198973
37641252222323 198968
16534273211111 198805
13267541232212 198790
32761452122222 198751
17426531313131 198709
54276132233312 198608
74532163123223 198527
72513641233322 198513
21345762313223 198482
12563473131212 198448
52341672211112 198425
34517622231323 198419
26135742332312 198374
54612733322213 198359
57123461111111 198271
63741522123131 198252
64275133312211 198152
54376211113133 198125
36521472113321 198114
23157461231333 198105
25163741112323 198057
23164573213133 198010
17426531121212 197991
76543211212112 197967
51426731111111 197900
34175263321232 197849
17324561211323 197829
34275162213221 197816
14735621323112 197770
65241371111111 197769
72163453133333 197730
37614522113321 197687
47126532133133 197684
67341252222323 197637
35426713111313 197565
26543171111111 197365
71463523331222 197109
25736411331113 197102
74561232221111 197097
32465173233221 197010
54371261113331 196938
32751643321232 196850
64321572311132 196724
76354123313333 196691
57364212313211 196678
65132471323121 196633
41723562313211 196574
47165322232133 196563
63471522123131 196553
52341671122211 196538
67321453113311 196496
36527412211322 196493
65271432231233 196465
23174652123131 196444
16745232121313 196402
45367211211122 196362
42613572313211 196307
75416323232213 196295
47156233233113 196285
76345122311111 196243
63742511232221 196197
71462532121112 196170
27456133132223 196154
74132562121121 196084
31257643311122 196067
76143253131212 196051
14325673311131 195985
76354212313322 195983
47632153212311 195976
72146352232223 195962
35462173131311 195876
45673213211222 195867
73652413211312 195831
54612732112223 195764
36547213331333 195736
75241632222323 195663
47652132231323 195644
14725361111111 195604
21354672311123 195559
51724362122222 195418
31265471122133 195399
26153471122121 195378
12347651122112 195285
53642171111111 195206
16723451122133 195043
35476122221111 195011
56432713122122 195008
76354121313131 195000
51324763113332 194924
36527412131222 194735
52376413222223 194735
34167252213323 194709
56347212123233 194639
53476121323322 194586
37614523232213 194586
76345122211121 194559
12376542121232 194553
16574231113133 194450
67354121111111 194433
76341253221212 194402
41563273113311 194136
46123571111111 194115
76312453311311 194081
65174232323312 194062
73645211231111 194040
41657321222312 193969
32561471113133 193884
17426531132312 193759
72541631111312 193758
34516271111111 193694
36745212123323 193652
16543721111111 193642
76213543311332 193641
14726532232313 193633
76143252221222 193633
13254763323122 193619
63472512123332 193574
12357461113331 193553
13245671321111 193520
36714523132223 193511
16523741112212 193511
35461271111231 193494
63142571111111 193439
13246572321332 193396
67354212111221 193303
14573261333111 193244
24615732213311 193232
31264572122213 193131
25741632222323 193106
36145272131312 193083
71462533221113 193075
12765432121313 193054
17364251231231 192934
65174233323212 192868
76354123211123 192788
47321651311133 192770
14523672121313 192766
27134561131133 192671
15426371111111 192656
47156233211132 192592
13462571111111 192554
72165432211112 192543
37624513131323 192534
14762351221331 192513
45612371133221 192502
54362171113133 192494
45321671212211 192473
34172562132332 192464
46523711331332 192463
45321671221121 192343
72345613333331 192308
36147251131211 192305
47265312131312 192254
24516732233111 192228
65271341332331 192186
74561233111112 192158
63741252222323 192120
16524731112233 192097
52314761322122 192036
74325613133333 192030
73125463133132 192021
14765231111312 192007
32164572232223 192000
15624732133313 191990
12375641113112 191966
31264752132122 191945
35462171212121 191904
26135742213323 191899
51724363121213 191893
76514321112323 191882
14625731131121 191864
26715433231322 191735
76341251112131 191729
45673212212132 191726
32164572232313 191624
32156742313223 191606
25714632223331 191473
31456722111221 191462
24536713231232 191406
76345123311113 191342
71432561232323 191297
75264311223122 191215
32546713323212 191195
67354211212121 191067
36721452121322 191067
13527461211113 191007
43675211221331 190978
36721452122213 190958
34725611212211 190954
46375213123121 190911
36125473232222 190894
52147631131211 190887
21364753212212 190870
64271533221212 190859
12354763131131 190839
25463713212332 190833
31264573222223 190811
71532463221332 190807
74163251121122 190774
46125731333123 190745
41725631211122 190684
34725612231212 190646
76325412231212 190628
14527632212111 190591
74163252131111 190512
13254761322233 190504
75213642223133 190499
32761453133333 190452
73456123231322 190424
21654372231323 190424
76143252131312 190404
73625143333313 190368
32745612313322 190350
54123673233323 190317
12745633131131 190309
35472163231322 190284
36714522122213 190284
12347561112212 190232
12753462231323 190230
74125633332323 190208
34725612121322 190188
76325411331311 190173
16524731113133 190132
72365413331333 190087
25716433223213 190078
32456173212332 190068
71462532111212 190040
64275311112332 190009
14752631112311 189982
54376211111132 189951
13576241321321 189935
27634511131133 189905
71432563232213 189898
43615272113321 189895
52163471112122 189894
27516341111111 189849
25734162221111 189819
31572461122133 189815
12347652123233 189813
36714523132322 189805
17643251122112 189756
71345262132131 189744
12365741113331 189740
23167541233322 189725
43512671313332 189691
76342511111321 189578
76312542321212 189521
76325412333233 189493
61543271112311 189460
62531472321233 189416
36752143133222 189412
16725432211121 189338
71426353312211 189336
61234572231323 189306
41726352313322 189290
71423563213232 189259
21354761133311 189239
47132562311111 189234
43572612312323 189152
23164752131312 189133
13546271321321 189092
74163253121111 189077
12347653111133 189049
31256471231222 189045
16527341111111 188985
76341252323333 188984
27536412332312 188980
26437512122312 188918
53476121323112 188895
54367122311111 188860
27534161111111 188851
35462172213311 188840
34165271121311 188765
23176452132221 188758
74265312333233 188744
15463271313113 188738
23165472111122 188718
12364751113133 188706
35426713312211 188690
47132652233321 188597
54367121113211 188595
76354122112121 188562
65174322313211 188545
72541631113121 188477
14652733321331 188460
12365471211122 188440
35462173221221 188437
67321451311133 188423
24315762213323 188419
14527631211131 188357
74312652333332 188298
17246351111111 188282
62135743222331 188250
72165433233323 188239
56741232111113 188225
14625732233111 188201
51742632323231 188143
54367123311113 188135
26453711333333 188131
24153672321233 188063
15724632323231 188056
42573612323231 188045
56247132333233 188036
67345211211122 188025
54362711323112 188010
32561471122211 188007
14726531232122 187991
13725642332132 187911
56423172112121 187905
65423713321322 187899
16374521112323 187838
21354761113211 187837
21374653333121 187833
12357641113331 187830
37624513231313 187742
24561372111131 187732
23167542131222 187697
17642531111111 187694
14726531223122 187667
15734622331223 187621
14527632122213 187571
24651731113223 187553
35246171111111 187553
14327652131213 187553
45613271331221 187549
25436712123332 187470
54721631122121 187448
32741652111113 187431
17462352213311 187425
32765413231223 187357
32615473332122 187347
56132472333332 187245
32741653111112 187239
37452162323312 187220
46321752111131 187213
56347212232223 187152
56712343211123 187138
32145671221112 187134
73625412222323 187074
16345271222111 187068
32761452121313 187027
34275161312213 187011
32164572233321 186991
14356721112323 186893
23156471222132 186844
54312672212111 186833
76342512232223 186805
36752142122132 186800
15724632323333 186798
65134721233232 186694
35162473332122 186631
34125672221222 186568
31257462312311 186545
23456173233122 186496
72365413131212 186493
61274532231323 186468
27435612122222 186430
71542633132322 186392
76541233121213 186339
32761452222212 186281
25736411231321 186216
35426712131132 186194
56423173133111 186154
16537421113331 186152
31564273113311 186148
32145671123333 186133
56741233111112 186019
14763521113211 186009
14736523112222 185912
67321542232133 185862
31264573132313 185839
76215341231231 185799
14527631311121 185775
76315241112113 185742
32145671333333 185715
13647521111111 185678
14752633223231 185664
23165472132332 185658
62543711211113 185626
76321543311131 185605
12645371131121 185580
36721453113113 185574
37652143231322 185530
45367211111132 185510
71453262222221 185496
62135471122121 185412
25436712132122 185387
35617423131332 185297
57246131112233 185281
67345211311133 185280
62135473131131 185225
32567412122222 185166
23756143222331 185147
53126471321321 185064
14736521221313 185050
54721633313321 185040
41325671212211 185018
54721632212222 185010
63452711311313 184987
72356141112323 184982
14736521132222 184909
32765411112221 184878
54376121322233 184861
57164322131312 184852
72516342313223 184800
54361272223232 184772
36125473323233 184632
54167232133313 184587
65174323223123 184566
67145323133312 184555
14752363233131 184545
47265312122222 184451
74132563132112 184384
52341672232313 184374
75613243133213 184335
63752143223123 184302
12536741112323 184301
21376541131133 184300
21375462312233 184230
13246573321223 184190
56127433332323 184186
31475261322233 184167
32465173133111 184143
41735621233232 184140
16573241123123 184119
76341251221121 184107
14765231111213 184095
23164753333313 184074
76354212312233 184034
72563411113121 184015
17526431231321 184008
71456322111221 183898
32465172112121 183834
45312761113211 183830
52761431113121 183756
32741651131211 183745
65432173232321 183699
34521672223232 183693
65174233331213 183633
72546313323212 183598
74132562122111 183568
36147251121311 183544
65132471212112 183528
54167233331213 183483
12356471113133 183468
67354212311132 183452
45721363321313 183436
14275633323122 183432
61534721112311 183314
36241753212311 183289
31475262333221 183287
72143651131112 183271
12734561112323 183266
35462171131313 183256
15672342323312 183256
15724631322233 183164
32174562231212 183156
73651241113322 183129
13275461112233 183066
14736251111132 183051
45376211333123 182946
72165433121333 182890
45167323322231 182825
52147631121311 182814
56423171231321 182796
54621371133311 182770
14725361322332 182738
76345123311131 182700
13675242331313 182655
34165271311133 182590
16745232122222 182562
16547233332323 182520
14736521133131 182370
73625143121213 182359
67354213313333 182355
41765231233232 182177
75246313212311 182107
17463251321231 182098
32157642231323 182090
43651722323132 181996
25436711311313 181938
61472532123332 181917
63712542221111 181907
32567413131212 181900
65274131312213 181883
62135473322321 181844
15642373221323 181839
25436713232321 181811
32576142313223 181807
56132473213211 181750
56132473211111 181745
14625732112121 181708
41625373121213 181535
76143253331333 181528
35246172213311 181471
52147632111113 181471
21354761112233 181424
72541631112131 181408
67345211111132 181374
67354212212222 181374
52761431112131 181308
54327612223232 181243
62135473132121 181171
12364753311131 181159
41236753232321 181155
76315243323323 181092
67354213211132 181032
67321451112311 181011
13275463213211 181001
16257431132111 180975
32175462233111 180847
53741621332112 180803
32145673311113 180790
23165471311133 180784
16345272322232 180738
34725613111112 180738
17426532121211 180716
76541232221222 180706
14723652331232 180703
27453161132111 180694
52341673232213 180687
13246573221233 180685
32157641232323 180676
37624512231212 180666
52134761232113 180605
43561271111111 180578
32164572312323 180433
41725633111133 180397
72345612122111 180382
16745233121213 180342
73615423333331 180342
47632153232321 180340
15624732333332 180297
17453262211133 180278
25471362323132 180247
21376541111123 180238
65714323223123 180216
15642372231332 180207
25743611233232 180200
76354212333332 180157
52374161112323 180062
32167451213333 180053
43176252311132 179961
34275162112322 179959
76354122212222 179924
51324671211122 179876
71562433123232 179848
76523413223231 179826
52471631323112 179825
75264133331213 179738
32146751232323 179682
12467351131121 179623
14352672212111 179615
36147253111112 179608
51426733312211 179575
64257131113223 179478
12364751112212 179460
12376542123212 179432
14765231112131 179388
72365412222212 179357
14527633312133 179352
12463751231231 179294
67312452233321 179254
15367423211123 179152
74325613131212 178993
35426713131113 178991
54761233322321 178969
76354212213323 178959
14736521213333 178947
34125672131213 178943
14527631121311 178938
32156472333332 178935
17426532331331 178891
76325411113121 178806
45312672223331 178785
74325612221222 178759
34725612322232 178565
54163271133221 178533
72165433331213 178513
76325411111213 178421
13276542323312 178382
36721452122321 178366
36125471111333 178315
71432562111221 178313
12543671211212 178222
42751632323231 178164
12745632111122 178137
62471532232133 178095
13276541321123 178024
24615371112332 178023
56347213131332 178023
12347651133311 178021
74523611131112 177977
12347653332323 177972
32561471311121 177932
41752632311123 177837
32741651311121 177836
54721631311133 177835
74365211313113 177835
74561232111113 177791
32167452211121 177787
27634512233321 177768
37516422333311 177755
15634722321233 177708
76342513323212 177689
32547611121113 177649
41735263123223 177647
16245371231231 177644
71423653213232 177626
12745633313333 177605
76312542322121 177508
13276541133122 177478
32167453313333 177443
65132471222111 177411
76543211333333 177363
26153473131131 177359
32145672212222 177355
75264133121333 177310
16357421223113 177234
16275343122221 177209
34127651312111 177184
74365211333111 177124
63125743133312 177093
46273512122312 177092
63721541233322 177071
45721363322231 177066
12347652223232 177051
14537622231323 176925
76354121311313 176897
47135622132332 176872
76543212132323 176869
34627512232313 176861
75246313332332 176834
16537421113322 176833
76514321232113 176813
34165271131211 176810
35462171332331 176798
74163252112211 176797
36752143211132 176794
14752633222223 176787
75246313312211 176780
76354213222223 176716
76351423321232 176682
46215372121223 176675
32547611312111 176600
76231451123111 176586
76325411122121 176559
52761432131111 176510
65123472312311 176506
76312453211111 176502
36721452131111 176501
76341251311313 176488
21354671221112 176488
34725613132223 176419
32465172332321 176414
75634123323122 176375
75243611113232 176371
34725612331322 176344
16427531231321 176304
72543163211111 176279
45312762311111 176259
31462751113322 176249
12376451221211 176195
63754213122122 176161
73516243332131 176149
56723411121113 176100
72165432111113 176058
65174232123131 175994
74156322313223 175982
64351272132131 175961
63471522332132 175949
34725613311113 175940
47162351322122 175871
17425631122112 175865
16342571331221 175734
76341251113121 175721
23156473323332 175720
74156322122321 175686
17426531112233 175672
15643271331221 175637
71456321322323 175617
64275313312211 175602
74523611213111 175579
76543213113131 175573
45312761133311 175508
32561471131211 175497
71543623111121 175488
75321461311112 175482
34725613111133 175456
45612373132223 175446
53426171112233 175444
35462173123211 175422
64321572132131 175421
67245131313323 175415
76325413222223 175372
52471631223113 175367
53741621323112 175289
65274132123332 175288
67321452111122 175284
14736523113131 175271
36527412322232 175270
36745213133111 175252
16537421111222 175248
54376211111222 175164
74561231111222 175156
54167231221211 175146
36751243222322 175099
37612453122233 175097
64572131122223 175028
32145672113333 175005
36527413111112 174981
36752142123221 174954
41765323122212 174911
32765411133113 174901
34621572132131 174896
32167453321232 174889
15642372213311 174869
32476513232231 174848
14736521211212 174847
27534162311111 174768
13246572331232 174766
12376541322233 174745
65174232133313 174738
32765411331113 174727
67345211112233 174678
17526431131121 174674
12365472223232 174632
14632571321132 174568
36125473111211 174567
76145231131112 174558
67254313311113 174553
32145671132222 174505
63452712333221 174478
76543212323213 174460
52743611111213 174385
65274133132223 174352
67312541121221 174331
42573613322231 174305
72541631111213 174268
52761431111312 174253
52743611112131 174250
52367412322232 174226
25741632312323 174177
76341251111213 174106
72165433221233 174094
54167232112112 174081
47156322132311 174081
32165741111132 174039
21376541112311 174030
14527633132322 173977
37614522111221 173910
32561471121311 173887
73645213333112 173871
41725633121123 173864
21654372233321 173847
62374513112321 173760
74125632121121 173750
23147652312323 173736
54231671123111 173710
17463251122112 173664
47256133212311 173657
24731562311231 173654
31265471312213 173620
31265472312233 173617
62147353123121 173608
21354671122112 173521
76354121122121 173511
74523612111311 173493
52714633223123 173464
52641733232321 173452
12354763133111 173419
54721632133232 173385
74163253332323 173314
71452363213232 173292
27154632311132 173290
52736141322233 173260
52714633213223 173246
56723411113313 173243
61572432312323 173200
47123651233232 173125
52761431111213 173064
74561233311233 173020
32167451222222 172997
72643513212311 172986
47156323223123 172980
76315241323313 172953
14625731322233 172950
26153473132121 172949
32156472332321 172946
76123453233323 172927
53126471231321 172890
14367252322232 172890
61534721113211 172861
23165472311111 172834
64531273311311 172825
32765412323222 172809
27416532133232 172778
37561241311112 172734
34651271123111 172704
16723451322311 172693
74561233131233 172676
37614522323312 172674
74365211121221 172650
14325672231323 172621
12543672321332 172544
36527412231122 172497
13276543323122 172433
71432563323122 172432
76145233133213 172431
25436713332122 172420
14527631131211 172381
76324151112233 172362
35462172223331 172334
76341252232313 172321
36745212122333 172318
57321642311132 172271
52163473111211 172249
12367541331131 172221
14723651112131 172215
56347211222132 172212
14325673123232 172143
72143651121113 172129
54721633231322 172124
16725431211122 172049
57642311113322 172035
14267351321321 171959
31276452133322 171958
21354761113322 171930
74523611121113 171869
32167451312222 171868
41325762313223 171867
21367451311331 171815
42367153211123 171798
62475131322323 171794
74365213111211 171764
12763452322232 171760
35472163222313 171718
32547612111311 171691
57321641311112 171622
24157361313212 171612
72563411111213 171608
41736522332231 171555
47256133321232 171456
74156322122123 171453
16243571231231 171433
15642373212311 171427
76245311121131 171424
36125471312111 171405
16345271133131 171394
74156323133123 171386
12537461332112 171383
13267451311133 171328
32175461333111 171301
12354762311123 171287
35461272222323 171218
73615421113322 171218
17425631313113 171113
36714252232223 171101
14752633223123 171090
21654373332122 171066
14625732213323 171063
32741651211131 171053
36745212223232 171048
72143563222331 171044
76521433232333 171039
65274133312223 170990
12473561132123 170985
43615271333312 170979
62173543232132 170940
75234161322233 170928
14723651111213 170868
36721452223232 170818
54312671131331 170773
12543673221323 170770
12745632222221 170763
24715631122133 170763
13546271213213 170763
32165743311131 170713
31265471122112 170713
72356141232113 170696
32164573323212 170689
53726143333121 170689
36527412221312 170681
62435711222222 170663
14736253222223 170660
61234573232213 170630
15267431223113 170606
74561233321133 170569
56741231121311 170569
74563211232332 170565
47352612311132 170561
62135473232231 170550
16725431131211 170523
56712341232113 170519
31564272213311 170401
52641733212311 170378
16725433113311 170375
76324153323122 170320
14723653313111 170289
14725361111123 170260
72513641232323 170258
34165272323333 170230
53147262123131 170205
72165432323312 170198
52163473111331 170196
12546371221331 170158
32465173132121 170157
54763212322232 170147
14263751131121 170118
63174522332132 170027
14763521113223 170015
42137653122131 169982
15243671331221 169973
67345212111122 169930
61257343232123 169911
65132473323311 169861
12456733223321 169861
21654373332221 169835
65123471112311 169832
75346213332122 169811
56723412323222 169810
56423173132121 169796
73654122221111 169770
15426371112233 169747
37645122312221 169718
76543212222221 169717
34127651213111 169636
23576412233321 169562
52761433121111 169523
45376213333322 169491
32754163211123 169486
74163253133213 169477
15724632313223 169474
14625733133111 169435
32714652332132 169394
13627451332112 169386
72165431113331 169384
12567433232333 169363
67345211113322 169341
52341673133111 169339
72136541322233 169336
34526713232312 169327
21354761112311 169321
25436712123122 169224
27615433313213 169214
14765233323332 169184
21354763312211 169183
43176252123131 169176
14765232211211 169138
24157362323111 169121
26371453112111 169082
25436712323231 169075
34562171321111 169056
31247651113232 169038
14735621221112 169025
46375212132221 169019
24651731333333 168891
63574212123131 168889
65417321232113 168844
74365212222323 168766
76145232123332 168762
21367452112112 168746
12456731233223 168743
32561472133313 168742
12745633323311 168721
65417323232123 168655
32547611213111 168644
13764252323231 168643
46375212113111 168633
17463251313113 168602
72345611331332 168596
32547613111211 168589
63752412322112 168564
56347211213111 168506
72563411111312 168505
14736251112332 168484
14725363223213 168464
46273513221212 168446
67321451111123 168444
14325672323222 168419
14752631323223 168381
47163522131222 168344
36527411131133 168321
51423671221331 168300
67234513332122 168261
65723143321313 168252
71326451211311 168218
23165471312132 168161
75346211133122 168138
67345211111123 168128
25134672233321 168111
32561472213122 168090
35162473323131 168029
14765232331313 168028
76321543211111 168012
43216573132223 167987
14753261333111 167879
63745123122212 167859
35162472122231 167853
23417563232123 167853
34127653111211 167831
16743252323222 167831
15642372331322 167814
14765232232322 167740
34165273311131 167740
52147631311121 167715
32765411121113 167704
46572312132122 167677
14753261221112 167538
57236141113232 167480
36147251311121 167467
74365213121333 167463
76354123211132 167440
14726531233313 167430
32417652132131 167391
45312672233321 167270
12543672322232 167235
32165741233223 167220
36745213232213 167218
16374523211123 167163
63125743131233 167162
76351421113322 167159
75641323232111 167153
34725612231332 167106
34127651121113 167080
35462172312131 167064
14736521322233 167050
46157233333232 166983
21734652123131 166978
72143652111311 166974
12543672121121 166954
36721451131331 166951
73246153312211 166949
72563412131111 166944
74523611312111 166798
36521472331121 166772
14325672112121 166764
45612373112231 166746
41725632322331 166712
56321473233323 166672
72143651213111 166636
45637123132121 166630
76245312132131 166581
12745633313312 166555
26415731322323 166554
14527631133311 166541
25763411332322 166504
34127652111311 166490
72541632131111 166477
34761252323222 166472
16327453232333 166436
35271461322233 166406
35162473332131 166404
13257641112233 166322
26741351232113 166294
74523613111211 166281
74125631313311 166249
42651372213311 166248
47156233223312 166236
16725432232223 166234
32765412221312 166211
32167451333111 166174
35416721113112 166167
72143653111211 166154
74125632131111 166122
52743612131111 166114
74156323132331 166050
65132473313312 166033
32175461221112 165967
34165271311121 165904
41765322221312 165890
36527412111113 165840
26415732121223 165825
76354213312223 165803
51264731113322 165785
54321761211221 165750
14752633213223 165744
14765231133131 165740
63752141123213 165708
17425631323223 165706
16573241312312 165691
54716322313223 165638
21365742221312 165597
76345123211111 165592
47352612123131 165587
72165433111112 165505
15643271221331 165503
45612373332221 165453
25736413123112 165432
65132741223323 165401
32465173123121 165342
14725363211213 165291
16523473332323 165286
12643571321321 165273
16725431121311 165228
46375212332222 165180
73516243323113 165153
65742311212313 165125
34562171321231 165093
14723651113121 165090
35162473122221 165084
34127651131112 165067
54261373123121 165038
32547611131112 164920
35461271321231 164871
73542613132322 164839
56423171321321 164828
34651272332132 164817
35426712311312 164817
76342513323122 164798
43216573212311 164772
36541272323222 164686
13246571112233 164662
64275311222222 164646
72563413121111 164641
56327411211332 164571
16345272333212 164542
61453721311112 164538
34725612111113 164452
41325763131233 164442
56741231311121 164428
71326453132121 164405
32156471113211 164320
16243571321321 164304
37652141113232 164250
52147631211131 164242
54167231131112 164212
74213652323132 164182
14723653232222 164167
72546311323112 164166
72361453232333 164130
45612373332122 164121
76315241322122 164107
14765231113121 164080
75264132223331 164057
74365212111311 163976
72143651312111 163961
36527413311311 163934
56723413331111 163901
76145233232333 163868
73645213112231 163867
72145633232231 163847
67412353332221 163811
47512632312323 163750
14726533323122 163714
56723413221212 163667
17423653213232 163649
13254761323322 163617
12543671331113 163516
14735621333111 163484
72356143211123 163475
12543673231223 163471
41752632312323 163448
32745611223332 163374
14563272323222 163311
76245313123121 163255
72145631233223 163253
56324171221331 163223
76245311213312 163218
74512362313223 163201
52163471213111 163107
36125471213111 163023
76325411112131 163018
16542371331221 163014
17426531331332 163006
12543673111331 162916
16453272111131 162901
35246171113322 162876
12564733323122 162842
36745212131111 162826
74365211213111 162826
23576412312323 162773
14752632332132 162714
57236141322233 162674
56327413213112 162610
54721633333331 162569
54326171321231 162536
45612372331121 162509
52163472111311 162505
61453723111121 162475
76345122213311 162418
36125472111311 162339
41752631222123 162321
76145232331313 162303
36745212121223 162257
32156742333131 162247
76245313122122 162212
65314272311132 162205
54167231333213 162139
15724631211311 162115
71432563332113 161979
46513272332111 161889
52673413232123 161883
54167231121113 161823
72165433321223 161820
17362451231321 161796
75642132213311 161775
14325673232333 161724
17425631332112 161678
32156742311123 161657
12347653132223 161610
56723411131112 161607
31624751112233 161524
12734561322233 161497
76145231121113 161472
25134672312323 161463
23165472111332 161400
32561473323212 161345
74163253133231 161344
74125632321332 161314
73542613132121 161310
54721632212231 161305
65274131311313 161266
75314623113122 161237
46513273113221 161233
31265471313113 161197
54167232333113 161191
32164571232323 161161
32165742331112 161151
52341673232333 161131
16453271211113 161099
56723413222112 161079
63752411223212 161046
14752363222121 161034
54126371331221 161021
74125632122111 160955
52163471312111 160924
16725433122212 160868
47156322313232 160797
64531272132131 160723
64531273312211 160693
71432563323113 160692
74365211312111 160684
76543211223221 160558
72643513212332 160538
32175461113112 160486
74365212333332 160443
12347652111221 160388
34261573123121 160385
76543211332331 160333
63752143123223 160314
17642533312211 160264
45312671222312 160260
14725363213121 160221
13462572213311 160156
75346213132322 160119
32174652332132 160095
26543171123111 160047
36127451333222 159994
32765411131112 159967
43527612312323 159949
16725431311121 159909
51632741323232 159904
54326171112233 159893
65132472131231 159837
62135472132131 159819
16427531211311 159763
52713461232323 159753
32156472312332 159749
36745213131131 159733
52163472131222 159686
63247511123132 159640
47156233322312 159594
52341671311313 159586
52163473221323 159583
56347211312111 159573
45732612233321 159556
15763242323132 159555
45671233112132 159464
47632152233321 159409
45312673222112 159385
32745612322331 159269
12365473332323 159255
61352472233321 159241
15672341323112 159219
36721452122123 159195
75236143213232 159176
32561473222223 159159
45612373132121 159149
76315241113112 159085
51367241211113 159082
16243571132132 158894
74163253131332 158893
75321463132121 158751
72543162311111 158743
25736411321312 158736
32765413122212 158696
12365473232312 158657
16543721113211 158634
75346211311211 158625
12543672331232 158546
75346213132121 158545
14765233113131 158479
32147562313223 158407
31624753312211 158395
72345611133113 158377
21354762213311 158374
13762451321321 158367
53621471331221 158354
54371621113322 158334
76315241332112 158308
17452363322132 158281
23156471333132 158280
56723411222312 158250
32145673112222 158244
17543261132111 158219
13645271221331 158214
16534271111132 158206
74125633131233 158162
12347653132322 157922
45713623223132 157871
74361253211231 157853
36241573212332 157815
14762351331221 157798
71543622111131 157794
35462171221223 157779
73645211332112 157765
17425631223113 157694
32465172133121 157661
27543611111132 157649
32765413223312 157549
64531273122131 157506
16572433213223 157502
24367513111121 157383
15627431332112 157332
32156472332132 157315
76145231311331 157231
17452363213232 157134
14723651211212 157133
65274133232321 157122
63752143212323 157096
15724633132322 157047
34261572133121 156963
74123563323221 156958
32174652312332 156926
47156322332312 156878
47621533231121 156789
62543711311112 156729
12376543133132 156715
46527133111121 156657
24173652323231 156612
32164571111231 156592
42367153111121 156499
76341253233131 156460
74163253133132 156378
16537421332112 156377
51264732213311 156329
72345611222222 156308
13276541323322 156253
73146522113231 156153
47152361233232 156116
15346271321321 156005
12365471313113 156004
14735621223113 155954
63172452312323 155890
17436521323232 155855
12376543133231 155817
14726531333312 155784
76342511323112 155710
32765413322312 155686
76345123312211 155679
15643273223111 155659
36125472121223 155651
12467351231321 155581
36752143132232 155562
15672343213232 155524
63714522332132 155509
36745211211221 155497
17463251331221 155472
46375213333121 155412
17426531223221 155382
15647233213232 155354
65417323223123 155352
56723412122312 155165
56347211331131 155141
62154733321121 155057
76315241223113 154966
12734562313223 154804
24715632313223 154785
54637211132111 154495
62135473122131 154474
15367421223113 154373
16537421223113 154341
15627431223113 154337
76245311131121 154314
57364213332122 154142
61472533112111 154012
54362711111231 153991
27453161123111 153986
45612373322111 153948
51647231113232 153859
75243613213232 153624
23674153232321 153608
46375211211332 153586
35267141223233 153578
57214361323232 153490
31527643332122 153433
37614521323232 153412
16257433223123 153363
32167453222313 153329
46375212132131 153187
14735621332112 153176
14735621333222 153169
16725433333232 153034
63752142332132 152988
46352171211233 152838
54317261113112 152787
34165273222322 152728
13542671231231 152633
52731641233112 152622
42315673112111 152610
67435123123121 152481
56173421113112 152394
31452672322331 152387
24715633112111 152302
54231673123121 152138
72345613221221 152053
74125633133222 152032
31265471321111 151909
23456713212332 151835
75346213112132 151795
67435121332112 151743
73645211321111 151726
73645211223113 151678
31452671332232 151668
53421671321231 151654
15236473231121 151439
42561733323122 151312
32156471232332 151311
45623712332123 151279
76253141123132 151218
36217543213112 150986
62317453112111 150892
32465172132131 150565
76315243211231 150511
64713253112111 150357
12637451332112 150338
56124371111231 150226
47621532232331 150166
47156322332132 150081
15746321323211 150030
43216573132121 149873
25137461211323 149751
13276541323112 149746
56423171231231 149729
34261572132131 149505
12346571111231 149195
71432561323232 149152
52163471333123 148825
23751463112321 148359
45671231132231 148322
76253141211332 148278
32451762331121 148268
57241631322113 147804
62374511322311 147584
41357622313112 147546
76342511111231 147301
65123471233232 147207
52731641323112 147108
16542371221331 147099
62147353132121 146796
32156473223123 146773
23751461132123 146720
17356241212313 146579
75412631223332 146541
32647153132121 146465
14723652322121 146448
17463251221331 146372
45637123332122 146033
23456173212332 146021
13764251211311 145683
15342671211311 145647
25364173223231 145466
32417653132121 145386
45623713322321 144943
53467211321111 144735
17324561232332 144123
51623471321111 144012
72345611221223 143968
17362451211311 143938
74125633132232 143794
26345711223113 143550
75314621133221 143408
14763523222331 143386
42137653132121 143335
36217541223311 143316
57241631323112 143238
47653213232111 143198
76421351131121 143138
31452671323211 143043
72345612331331 142684
42165373223123 142185
46352172113231 141642
62374513312112 141033
15746322313112 140895
